byte Arreglo_tridimesional[3][16][16]=
{
    {
        {65,63,0,0,0,0,0,0,0,0,0,0,0,0,0,0},{117,127,190,63,0,0,0,0,0,0,0,0,0,0,0,0},{206,117,127,252,190,63,0,0,0,0,0,0,0,0,0,0},{206,206,117,128,253,252,190,63,0,0,0,0,0,0,0,0},{206,206,206,117,128,253,253,252,190,63,0,0,0,0,0,0},{206,206,206,206,117,128,253,254,253,252,190,63,0,0,0,0},{206,206,206,206,206,117,128,253,254,254,253,252,190,63,0,0},{206,206,206,206,206,206,117,127,253,254,254,253,253,252,190,63},{206,206,206,206,206,206,117,127,253,254,254,253,253,252,190,63},{206,206,206,206,206,117,128,253,254,254,253,252,190,63,0,0},{206,206,206,206,117,128,253,254,253,252,190,63,0,0,0,0},{206,206,206,117,128,253,253,252,190,63,0,0,0,0,0,0},{206,206,117,128,253,252,190,63,0,0,0,0,0,0,0,0},{206,117,127,252,190,63,0,0,0,0,0,0,0,0,0,0},{117,127,190,63,0,0,0,0,0,0,0,0,0,0,0,0},{65,63,0,0,0,0,0,0,0,0,0,0,0,0,0,0}
    },
    {
{103,181,157,158,158,158,158,158,158,158,158,158,158,158,158,158},{10,124,225,181,157,158,158,158,158,158,158,158,158,158,158,158},{16,10,107,229,225,181,157,158,158,158,158,158,158,158,158,158},{16,16,10,105,209,229,225,181,157,158,158,158,158,158,158,158},{16,16,16,10,105,208,209,229,225,181,157,158,158,158,158,158},{16,16,16,16,10,105,208,208,209,229,225,181,157,158,158,158},{16,16,16,16,16,10,105,208,208,208,210,229,225,181,157,158},{16,16,16,16,16,16,10,105,208,208,208,208,210,229,225,181},{16,16,16,16,16,16,10,105,208,208,208,208,210,229,225,181},{16,16,16,16,16,10,105,208,208,208,210,229,225,181,157,158},{16,16,16,16,10,105,208,208,209,229,225,181,157,158,158,158},{16,16,16,10,105,208,209,229,225,181,157,158,158,158,158,158},{16,16,10,105,209,229,225,181,157,158,158,158,158,158,158,158},{16,10,107,229,225,181,157,158,158,158,158,158,158,158,158,158},{10,124,225,181,157,158,158,158,158,158,158,158,158,158,158,158},{103,181,157,158,158,158,158,158,158,158,158,158,158,158,158,158}
    },
    {
{82,118,74,74,74,74,74,74,74,74,74,74,74,74,74,74},{23,107,187,118,74,74,74,74,74,74,74,74,74,74,74,74},{40,23,24,125,186,118,74,74,74,74,74,74,74,74,74,74},{41,40,23,15,33,126,187,118,74,74,74,74,74,74,74,74},{41,41,40,23,15,24,33,126,187,118,74,74,74,74,74,74},{41,41,41,40,23,15,24,23,33,126,187,118,74,74,74,74},{41,41,41,41,40,23,15,24,24,23,33,126,187,118,74,74},{41,41,41,41,41,40,23,15,24,24,24,23,33,127,187,118},{41,41,41,41,41,40,23,15,24,24,24,23,33,127,187,118},{41,41,41,41,40,23,15,24,24,23,33,126,187,118,74,74},{41,41,41,40,23,15,24,23,33,126,187,118,74,74,74,74},{41,41,40,23,15,24,33,126,187,118,74,74,74,74,74,74},{41,40,23,15,33,126,187,118,74,74,74,74,74,74,74,74},{40,23,24,125,186,118,74,74,74,74,74,74,74,74,74,74},{23,107,187,118,74,74,74,74,74,74,74,74,74,74,74,74},{82,118,74,74,74,74,74,74,74,74,74,74,74,74,74,74}
    }
};
